1 4
22 4
38 8
39 6
40 4
44 4
62 4
89 4
92 4
93 8
94 6
95 4
111 4
141 4
144 4
145 4
149 4
157 12
158 10
159 8
160 6
161 4
223 4
224 4
228 6
229 4
235 4
257 8
258 6
259 4
267 4
278 4
285 8
286 6
287 4
311 4
315 4
344 4
360 4
363 4
389 4
392 4
395 4
396 4
405 4
408 6
409 4
461 12
462 10
463 8
464 6
465 4
477 4
487 4
489 6
490 4
492 4
509 4
541 4
544 6
545 4
574 4
575 8
576 6
577 4
590 4
600 4
602 4
610 4
623 4
625 10
626 8
627 6
628 4
642 6
643 4
660 6
661 4
669 4
681 4
690 4
692 4
714 4
745 4
750 4
754 4
759 4
761 4
767 4
772 4
780 4
796 6
797 4
810 4
842 4
843 4
857 4
861 4
866 8
867 6
868 4
911 4
929 4
