1 4
2 6
3 4
4 4
5 4
6 4
7 4
8 6
9 6
10 4
11 4
12 4
13 4
14 6
15 4
16 4
17 4
18 4
19 4
20 4
21 4
22 6
23 4
24 4
25 4
26 4
27 6
28 6
29 4
30 4
31 4
32 4
33 4
34 6
35 6
36 4
37 4
38 6
39 4
40 4
41 4
42 4
43 4
44 6
45 6
46 4
47 4
48 4
49 4
50 4
51 4
52 4
53 6
54 4
55 4
56 4
57 4
58 4
59 4
60 4
61 6
62 4
63 4
64 4
65 4
66 4
67 4
68 4
69 4
70 4
72 4
73 4
74 4
75 4
76 4
77 4
78 4
79 4
80 4
81 4
82 4
83 4
84 4
85 4
86 4
87 4
88 4
89 6
90 4
91 4
92 6
93 4
94 4
95 4
96 4
97 4
98 4
99 4
100 4
101 6
102 4
103 4
104 6
105 6
106 4
107 4
108 4
109 6
110 6
111 8
112 6
113 6
114 4
115 4
116 4
117 4
118 4
119 4
120 4
121 4
122 4
123 4
124 4
125 4
126 6
127 6
128 4
129 4
130 4
131 4
132 4
133 4
134 4
135 4
136 4
137 4
138 6
139 4
140 6
141 4
142 4
143 4
144 4
145 4
146 4
147 6
148 4
149 6
150 6
151 4
152 6
153 4
154 4
155 4
156 4
157 4
158 4
159 4
160 6
161 4
162 4
163 4
164 4
165 4
166 4
167 4
168 4
169 6
170 4
171 4
172 4
173 4
174 4
175 4
176 4
177 8
178 6
179 6
180 6
181 4
182 4
183 4
184 8
185 6
186 6
187 4
188 4
189 4
190 4
191 6
192 4
193 8
194 6
195 6
196 4
197 4
198 4
199 4
200 4
201 4
202 4
203 4
204 4
205 4
206 4
207 4
208 4
209 4
210 4
211 4
212 6
213 4
214 4
215 4
216 6
217 6
218 4
219 4
220 4
221 4
222 6
223 6
224 4
225 6
226 4
227 4
228 4
229 4
230 4
231 4
232 4
233 4
234 4
235 4
236 4
237 4
238 4
239 4
240 4
241 4
242 4
243 4
244 4
245 4
246 4
247 6
248 4
249 4
250 6
251 6
252 4
253 4
254 4
255 6
256 6
257 4
258 6
259 8
260 6
261 6
262 4
263 4
264 4
265 4
266 4
267 4
269 4
270 8
271 6
272 6
273 4
274 4
275 4
276 4
277 4
278 6
279 4
280 6
281 6
282 4
283 4
284 4
285 6
286 4
287 4
288 4
289 4
290 4
291 4
292 4
293 4
294 6
295 4
296 4
297 4
298 6
299 4
300 4
301 4
302 4
303 6
304 4
305 4
306 6
307 6
308 4
309 4
310 4
311 4
312 4
313 6
314 6
315 4
316 4
317 4
318 4
319 4
320 4
321 4
322 4
323 4
324 6
325 4
326 6
327 4
328 4
329 6
330 6
331 6
332 6
333 4
334 4
335 4
336 4
337 6
338 4
339 4
340 6
341 6
342 4
343 4
344 4
345 4
346 6
347 6
348 6
349 4
350 6
351 6
352 6
353 4
354 6
355 4
356 4
357 4
358 4
359 4
360 4
361 4
362 4
363 4
364 4
365 4
366 4
367 6
368 8
369 6
370 6
371 4
372 6
373 6
374 4
375 6
376 6
377 4
378 4
379 4
380 4
381 4
382 4
383 4
384 4
385 4
386 4
387 4
388 4
389 4
390 4
391 4
392 4
393 4
394 4
395 4
396 4
397 4
398 4
399 6
400 4
401 4
402 4
403 4
404 4
405 6
406 4
407 4
408 4
409 4
410 4
411 4
412 4
413 4
414 4
415 4
416 6
417 4
418 4
419 4
420 4
421 4
422 6
423 4
424 4
425 6
426 4
427 6
428 4
429 4
430 4
431 4
432 4
433 4
434 4
435 4
436 4
437 4
438 4
439 6
440 6
441 4
442 6
443 4
444 4
445 4
446 12
447 12
448 12
449 10
450 10
451 8
452 8
453 6
454 6
455 4
456 6
457 4
458 4
459 8
460 8
461 6
462 6
463 4
464 4
465 4
466 4
467 4
468 4
469 4
470 4
471 4
472 4
473 4
474 4
475 4
476 6
477 4
478 4
479 4
480 4
481 6
482 4
483 4
484 6
485 8
486 6
487 6
488 4
489 4
490 4
491 4
492 4
493 4
494 4
495 4
496 6
497 4
498 4
499 4
500 4
501 4
502 10
503 8
504 8
505 6
506 6
507 4
508 4
509 6
510 8
511 6
512 6
513 4
514 4
515 4
516 4
517 4
518 6
519 6
520 4
521 4
522 4
523 4
524 4
525 4
526 4
527 4
528 4
529 4
530 4
531 6
532 6
533 4
534 4
535 4
536 4
537 6
538 4
539 4
540 4
541 4
542 4
543 4
544 4
545 6
546 6
547 4
548 4
549 6
550 6
551 6
552 4
553 4
554 4
555 4
556 6
557 6
558 4
559 4
560 4
561 4
562 6
563 4
564 4
565 4
566 4
567 4
568 4
569 6
570 4
571 4
573 4
574 4
575 4
576 8
577 6
578 6
579 4
580 6
581 4
582 8
583 6
584 6
585 4
586 4
587 6
588 4
589 6
590 4
591 4
592 6
593 4
594 4
595 4
596 4
597 4
598 4
599 6
600 4
601 6
602 6
603 4
604 4
605 4
606 4
607 4
608 6
609 4
610 4
611 4
612 4
613 4
614 4
615 4
616 4
617 4
618 4
619 4
620 4
621 4
622 4
623 6
624 6
625 4
626 6
627 4
628 4
629 4
630 4
631 6
632 4
633 4
634 4
635 4
636 4
637 4
638 4
639 6
640 6
641 4
642 4
643 6
644 4
645 4
646 4
647 4
648 4
649 4
650 10
651 8
652 8
653 6
654 6
655 4
656 4
657 6
658 4
659 4
660 4
661 6
662 4
663 4
664 4
665 4
666 4
667 4
668 4
669 4
670 4
671 4
672 4
673 6
674 6
675 4
676 4
677 4
678 6
679 4
680 6
681 4
682 4
683 4
684 6
685 4
686 4
687 4
689 4
690 6
691 4
692 4
693 6
694 4
695 6
696 4
697 6
698 6
699 6
700 4
701 4
702 4
703 4
704 4
705 4
706 6
707 4
708 4
709 4
710 4
711 6
712 4
713 6
714 8
715 8
716 6
717 6
718 4
719 4
720 4
721 6
722 6
723 6
724 4
725 4
726 6
727 6
728 4
729 4
730 4
731 4
732 4
733 4
734 4
735 4
736 4
737 4
738 4
739 4
740 6
741 6
742 4
743 4
744 4
745 6
746 4
747 4
748 4
749 8
750 6
751 6
752 4
753 4
754 4
755 4
756 4
757 6
758 4
759 4
760 6
761 4
762 6
763 4
764 4
765 4
766 4
767 4
768 4
769 4
770 4
771 4
772 4
773 4
774 4
775 4
776 4
777 4
778 4
779 4
780 4
781 4
782 4
783 6
784 6
785 4
786 6
787 6
788 6
789 4
790 6
791 6
792 4
793 4
794 4
795 6
796 6
797 4
798 4
799 4
800 6
801 4
802 4
803 4
805 4
806 4
807 6
808 4
809 4
810 4
811 4
812 4
813 4
814 4
815 6
816 4
817 4
818 4
819 6
820 4
821 4
822 4
823 4
824 4
825 4
826 4
827 4
828 4
829 4
830 4
831 6
832 4
833 4
834 4
835 4
836 4
837 4
838 4
839 4
840 4
841 4
842 4
843 4
844 4
845 4
846 4
847 4
848 4
849 4
850 4
851 8
852 6
853 6
854 6
855 6
856 4
857 4
858 4
859 4
860 4
861 4
862 4
863 6
864 4
865 4
866 4
867 4
868 4
869 4
870 4
871 4
872 4
873 4
874 6
875 4
876 4
877 4
878 6
879 4
880 4
881 4
882 4
883 6
884 4
885 4
886 4
887 4
888 4
889 4
890 6
891 4
892 4
893 6
894 4
895 6
896 4
897 4
898 4
899 4
900 4
901 4
